city,Beauty,Clothing,Electronics,Home,Sports,Toys,All
Göteborg,56,104,145,136,91,54,586
Malmö,31,69,104,83,70,39,396
Stockholm,86,181,220,163,169,80,899
Uppsala,37,86,101,65,56,36,381
Västerås,31,69,48,43,29,18,238
All,241,509,618,490,415,227,2500
